60Co     1330.5    98.75     0.0492  
137Cs    662.1     83.5      0.1458  
22Na     510.8     178.2     0.1517  
22Na     1275.3    99.60     0.0531  
152Eu    120.9     29.1      0.89  
152Eu    245.5     8.2       0.45  
152Eu    343.7     27.3      0.278  
152Eu    779.6     13.5      0.1407  
152Eu    1407.4    21.2      0.0485  
133Ba    82.1      35.0      1.15  
133Ba    355.4     63.8      0.267  
226Ra    185.5     4.2       0.58  
214Pb    352.6     36.8      0.2521  
214Bi    610.4     47.5      0.1492  
214Bi    1119.7    16.3      0.084  
214Bi    1765.8    16.1      0.0713  
40K      1462.3    11.5      0.0585  
235U     186.1     58.4      0.543  
241Am    60.3      37.2      1.30  
134Cs    606.2     96.9      0.1467  
134Cs    796.3     86.8      0.1334  
54Mn     835.4     99.88     0.1358  
65Zn     1116.2    48.7      0.0831  
88Y      899.5     92.1      0.1289  
88Y      1835.2    98.4      0.0138  